STAID,CDL_CORN,CDL_COTTON,CDL_RICE,CDL_SORGHUM,CDL_SOYBEANS,CDL_SUNFLOWERS,CDL_PEANUTS,CDL_BARLEY,CDL_DURUM_WHEAT,CDL_SPRING_WHEAT,CDL_WINTER_WHEAT,CDL_WWHT_SOY_DBL_CROP,CDL_OATS,CDL_ALFALFA,CDL_OTHER_HAYS,CDL_DRY_BEANS,CDL_POTATOES,CDL_FALLOW_IDLE,CDL_PASTURE_GRASS,CDL_ORANGES,CDL_OTHER_CROPS,CDL_ALL_OTHER_LAND
01011000,0.00,0.00,0.00,0.00,0.00,0.00,0.00,0.00,0.00,0.00,0.00,0.00,0.00,0.00,0.11,0.00,0.00,0.00,0.05,0.00,0.01,99.83
01013500,0.00,0.00,0.00,0.00,0.00,0.00,0.00,0.01,0.00,0.00,0.00,0.00,0.79,0.02,2.34,0.00,0.91,0.00,2.52,0.00,0.15,93.27
01015800,0.00,0.00,0.00,0.00,0.00,0.00,0.00,0.00,0.00,0.00,0.00,0.00,0.01,0.00,0.32,0.00,0.02,0.00,0.08,0.00,0.01,99.55
01016500,0.00,0.00,0.00,0.00,0.00,0.00,0.00,0.00,0.00,0.00,0.00,0.00,0.01,0.01,0.32,0.00,0.05,0.00,0.04,0.00,0.04,99.54
01017000,0.00,0.00,0.00,0.00,0.00,0.00,0.00,0.03,0.00,0.00,0.00,0.00,0.23,0.00,1.21,0.00,0.30,0.00,0.36,0.00,0.10,97.76
01017060,0.00,0.00,0.00,0.00,0.00,0.00,0.00,1.13,0.00,0.00,0.00,0.00,10.36,0.11,10.15,0.00,14.16,0.00,4.20,0.00,13.65,46.24
01017290,0.00,0.00,0.00,0.00,0.01,0.00,0.00,0.23,0.00,0.01,0.00,0.00,1.07,0.01,4.54,0.00,1.91,0.00,2.77,0.00,1.77,87.67
01017550,0.07,0.00,0.00,0.00,0.00,0.00,0.00,7.52,0.00,5.97,0.00,0.00,5.37,0.00,8.96,0.00,8.08,0.00,7.68,0.00,20.91,35.44
01017960,0.07,0.00,0.00,0.00,0.05,0.00,0.00,0.85,0.00,0.02,0.00,0.00,1.16,0.00,5.63,0.00,2.30,0.00,3.88,0.00,0.18,85.85
01018000,0.06,0.00,0.00,0.00,0.04,0.00,0.00,0.61,0.00,0.03,0.00,0.00,0.98,0.01,4.95,0.00,2.17,0.00,3.65,0.00,0.14,87.36
01018009,0.01,0.00,0.00,0.00,0.00,0.00,0.00,0.51,0.00,0.02,0.00,0.00,3.46,0.00,6.46,0.00,4.92,0.00,11.34,0.00,0.22,73.05
01019000,0.00,0.00,0.00,0.00,0.00,0.00,0.00,0.00,0.00,0.00,0.00,0.00,0.00,0.00,0.02,0.00,0.00,0.00,0.00,0.00,0.01,99.97
01021200,0.00,0.00,0.00,0.00,0.00,0.00,0.00,0.00,0.00,0.00,0.00,0.00,0.00,0.00,0.68,0.00,0.00,0.03,0.03,0.00,4.04,95.22
01021470,0.00,0.00,0.00,0.00,0.00,0.00,0.00,0.00,0.00,0.00,0.00,0.00,0.00,0.00,0.00,0.00,0.00,0.02,0.00,0.00,37.62,62.36
01021480,0.00,0.00,0.00,0.00,0.00,0.00,0.00,0.00,0.00,0.00,0.00,0.00,0.00,0.00,0.07,0.00,0.00,0.04,0.03,0.00,0.72,99.15
01021500,0.00,0.00,0.00,0.00,0.00,0.00,0.00,0.00,0.00,0.00,0.00,0.00,0.00,0.00,0.09,0.00,0.00,0.03,0.02,0.00,3.43,96.43
01022260,0.00,0.00,0.00,0.00,0.00,0.00,0.00,0.00,0.00,0.00,0.00,0.00,0.00,0.00,0.06,0.00,0.00,0.19,0.00,0.00,14.68,85.07
01022330,0.00,0.00,0.00,0.00,0.00,0.00,0.00,0.00,0.00,0.00,0.00,0.00,0.00,0.00,0.04,0.00,0.00,0.00,0.18,0.00,2.29,97.48
01022500,0.00,0.00,0.00,0.00,0.00,0.00,0.00,0.00,0.00,0.00,0.00,0.00,0.00,0.00,0.06,0.00,0.00,0.00,0.09,0.00,4.75,95.10
01023000,0.00,0.00,0.00,0.00,0.00,0.00,0.00,0.00,0.00,0.00,0.00,0.00,0.00,0.00,0.13,0.00,0.00,0.00,0.00,0.00,1.09,98.77
01027200,0.00,0.00,0.00,0.00,0.00,0.00,0.00,0.00,0.00,0.00,0.00,0.00,0.00,0.00,0.01,0.00,0.00,0.00,0.01,0.00,0.00,99.64
01029200,0.00,0.00,0.00,0.00,0.00,0.00,0.00,0.00,0.00,0.00,0.00,0.00,0.00,0.00,0.01,0.00,0.00,0.00,0.00,0.00,0.00,99.98
01029500,0.00,0.00,0.00,0.00,0.00,0.00,0.00,0.00,0.00,0.00,0.00,0.00,0.00,0.00,0.15,0.00,0.00,0.00,0.05,0.00,0.00,99.80
01030000,0.00,0.00,0.00,0.00,0.00,0.00,0.00,0.00,0.00,0.00,0.00,0.00,0.01,0.00,0.21,0.00,0.01,0.00,0.10,0.00,0.01,99.04
01030500,0.01,0.00,0.00,0.00,0.01,0.00,0.00,0.01,0.00,0.00,0.00,0.00,0.10,0.00,1.90,0.00,0.08,0.00,0.97,0.00,0.04,96.88
01031300,0.03,0.00,0.00,0.00,0.00,0.00,0.00,0.00,0.00,0.00,0.00,0.00,0.00,0.01,0.38,0.00,0.00,0.00,0.09,0.00,0.13,99.35
01031450,0.04,0.00,0.00,0.00,0.00,0.00,0.00,0.00,0.00,0.00,0.00,0.00,0.00,0.00,1.05,0.00,0.00,0.00,0.04,0.00,0.20,98.66
01031500,0.16,0.00,0.00,0.00,0.00,0.00,0.00,0.00,0.00,0.00,0.00,0.00,0.01,0.00,2.09,0.00,0.01,0.01,0.16,0.00,0.14,97.42
01031510,0.86,0.00,0.00,0.00,0.00,0.00,0.00,0.00,0.00,0.00,0.00,0.00,0.08,0.00,6.01,0.00,0.10,0.03,0.14,0.00,0.10,92.68
01033000,0.06,0.00,0.00,0.00,0.00,0.00,0.00,0.00,0.00,0.00,0.00,0.00,0.00,0.00,0.53,0.00,0.01,0.00,0.07,0.00,0.05,99.28
01033500,0.00,0.00,0.00,0.00,0.00,0.00,0.00,0.04,0.00,0.00,0.00,0.00,0.00,0.00,0.25,0.00,0.00,0.05,0.01,0.00,0.01,99.63
01034000,0.25,0.00,0.00,0.00,0.01,0.00,0.00,0.01,0.00,0.00,0.00,0.00,0.02,0.00,1.96,0.00,0.04,0.03,0.12,0.00,0.07,97.49
01034500,0.06,0.00,0.00,0.00,0.00,0.00,0.00,0.01,0.00,0.00,0.00,0.00,0.03,0.00,0.98,0.00,0.03,0.01,0.30,0.00,0.03,98.25
01035000,0.01,0.00,0.00,0.00,0.00,0.00,0.00,0.00,0.00,0.00,0.00,0.00,0.00,0.00,0.33,0.00,0.00,0.00,0.03,0.00,0.06,99.56
01036500,4.11,0.00,0.00,0.00,0.00,0.00,0.00,0.02,0.00,0.00,0.00,0.00,0.10,0.00,12.05,0.00,1.27,0.03,0.44,0.00,0.16,81.81
01037380,0.03,0.00,0.00,0.00,0.00,0.00,0.00,0.00,0.00,0.00,0.00,0.00,0.00,0.00,3.04,0.00,0.00,0.02,0.26,0.00,3.79,92.86
01038000,0.22,0.00,0.00,0.00,0.00,0.00,0.00,0.00,0.00,0.00,0.00,0.00,0.01,0.00,6.77,0.00,0.01,0.00,0.29,0.00,0.63,92.05
01041000,0.00,0.00,0.00,0.00,0.00,0.00,0.00,0.00,0.00,0.00,0.00,0.00,0.00,0.00,0.03,0.00,0.00,0.00,0.00,0.00,0.00,99.81
01042500,0.01,0.00,0.00,0.00,0.00,0.00,0.00,0.00,0.00,0.00,0.00,0.00,0.00,0.00,0.04,0.00,0.00,0.00,0.00,0.00,0.00,99.82
01043500,0.02,0.00,0.00,0.00,0.00,0.00,0.00,0.00,0.00,0.00,0.00,0.00,0.00,0.00,0.04,0.00,0.00,0.00,0.00,0.00,0.00,99.89
01044550,0.00,0.00,0.00,0.00,0.00,0.00,0.00,0.00,0.00,0.00,0.00,0.00,0.00,0.00,0.01,0.00,0.00,0.00,0.00,0.00,0.00,99.98
01045000,0.01,0.00,0.00,0.00,0.00,0.00,0.00,0.00,0.00,0.00,0.00,0.00,0.00,0.00,0.03,0.00,0.00,0.00,0.00,0.00,0.00,99.93
01046000,0.13,0.00,0.00,0.00,0.00,0.00,0.00,0.00,0.00,0.00,0.00,0.00,0.05,0.00,1.39,0.00,0.01,0.00,0.06,0.00,0.50,97.84
01046500,0.01,0.00,0.00,0.00,0.00,0.00,0.00,0.00,0.00,0.00,0.00,0.00,0.00,0.00,0.10,0.00,0.00,0.00,0.01,0.00,0.02,99.77
01047000,0.06,0.00,0.00,0.00,0.00,0.00,0.00,0.00,0.00,0.00,0.00,0.00,0.02,0.00,1.34,0.00,0.00,0.00,0.36,0.00,0.00,98.21
01047150,0.08,0.00,0.00,0.00,0.00,0.00,0.00,0.00,0.00,0.00,0.00,0.00,0.01,0.00,0.53,0.00,0.01,0.00,0.06,0.00,0.03,99.23
01047200,0.01,0.00,0.00,0.00,0.00,0.00,0.00,0.00,0.00,0.00,0.00,0.00,0.00,0.00,0.03,0.00,0.00,0.00,0.05,0.00,0.00,99.92
01048000,0.26,0.00,0.00,0.00,0.01,0.00,0.00,0.01,0.00,0.00,0.00,0.00,0.05,0.00,3.88,0.00,0.02,0.00,0.73,0.00,0.03,95.00
01048220,0.05,0.00,0.00,0.00,0.00,0.00,0.00,0.00,0.00,0.00,0.00,0.00,0.01,0.00,2.29,0.00,0.00,0.00,0.07,0.00,0.05,97.54
01049000,1.47,0.00,0.00,0.00,0.00,0.00,0.00,0.00,0.00,0.00,0.00,0.00,0.02,0.02,8.59,0.00,0.23,0.01,0.22,0.00,0.07,89.37
01049265,0.47,0.00,0.00,0.00,0.00,0.00,0.00,0.00,0.00,0.00,0.00,0.00,0.01,0.00,3.77,0.00,0.04,0.00,0.17,0.00,0.05,95.46
01049500,0.34,0.00,0.00,0.00,0.00,0.00,0.00,0.00,0.00,0.00,0.00,0.00,0.01,0.01,9.85,0.00,0.05,0.00,0.43,0.00,0.10,89.22
01052500,0.00,0.00,0.00,0.00,0.00,0.00,0.00,0.00,0.00,0.00,0.00,0.00,0.00,0.00,0.12,0.00,0.00,0.00,0.00,0.00,0.00,99.87
01053500,0.02,0.00,0.00,0.00,0.00,0.00,0.00,0.00,0.00,0.00,0.00,0.00,0.00,0.00,0.16,0.00,0.00,0.00,0.00,0.00,0.00,99.77
01053600,0.02,0.00,0.00,0.00,0.00,0.00,0.00,0.00,0.00,0.00,0.00,0.00,0.00,0.00,0.21,0.00,0.00,0.00,0.00,0.00,0.00,99.74
01054000,0.03,0.00,0.00,0.00,0.00,0.00,0.00,0.00,0.00,0.00,0.00,0.00,0.00,0.00,0.38,0.00,0.00,0.00,0.00,0.00,0.00,99.55
01054200,0.00,0.00,0.00,0.00,0.00,0.00,0.00,0.00,0.00,0.00,0.00,0.00,0.00,0.00,0.04,0.00,0.00,0.00,0.00,0.00,0.00,99.95
01054300,0.03,0.00,0.00,0.00,0.00,0.00,0.00,0.00,0.00,0.00,0.00,0.00,0.00,0.00,1.25,0.00,0.00,0.00,0.03,0.00,0.01,98.68
01054500,0.10,0.00,0.00,0.00,0.00,0.00,0.00,0.00,0.00,0.00,0.00,0.00,0.00,0.00,0.78,0.00,0.00,0.00,0.03,0.00,0.01,99.05
01055000,0.02,0.00,0.00,0.00,0.00,0.00,0.00,0.00,0.00,0.00,0.00,0.00,0.00,0.00,0.42,0.00,0.00,0.00,0.01,0.00,0.01,99.54
01055500,0.35,0.00,0.00,0.00,0.00,0.00,0.00,0.00,0.00,0.00,0.00,0.00,0.03,0.00,6.37,0.00,0.03,0.00,0.20,0.00,0.24,92.78
01057000,0.03,0.00,0.00,0.00,0.00,0.00,0.00,0.01,0.00,0.00,0.00,0.00,0.03,0.00,3.58,0.00,0.01,0.00,0.21,0.00,0.09,96.03
01058500,0.34,0.00,0.00,0.00,0.00,0.00,0.00,0.00,0.00,0.00,0.00,0.00,0.02,0.01,5.71,0.00,0.01,0.00,0.11,0.00,0.08,93.73
01059000,0.18,0.00,0.00,0.00,0.00,0.00,0.00,0.00,0.00,0.00,0.00,0.00,0.03,0.00,2.32,0.00,0.02,0.00,0.06,0.00,0.04,97.34
01059800,1.00,0.00,0.00,0.00,0.00,0.00,0.00,0.00,0.00,0.00,0.00,0.00,0.03,0.02,8.06,0.00,0.07,0.00,0.01,0.00,0.45,90.36
01060000,0.34,0.00,0.00,0.00,0.00,0.00,0.00,0.00,0.00,0.00,0.00,0.00,0.01,0.01,11.05,0.00,0.02,0.00,0.19,0.00,0.12,88.26
01064000,0.06,0.00,0.00,0.00,0.00,0.00,0.00,0.00,0.00,0.00,0.00,0.00,0.01,0.00,2.68,0.00,0.01,0.00,0.06,0.00,0.02,97.15
01064118,0.17,0.00,0.00,0.00,0.00,0.00,0.00,0.00,0.00,0.00,0.00,0.00,0.01,0.00,5.27,0.00,0.01,0.00,0.05,0.00,0.07,94.41
01064300,0.01,0.00,0.00,0.00,0.00,0.00,0.00,0.00,0.00,0.00,0.00,0.00,0.00,0.00,2.32,0.00,0.00,0.03,0.00,0.00,0.00,97.64
01064400,0.00,0.00,0.00,0.00,0.00,0.00,0.00,0.00,0.00,0.00,0.00,0.00,0.00,0.00,0.00,0.00,0.00,0.00,0.00,0.00,0.00,100.00
01064500,0.23,0.00,0.00,0.00,0.00,0.00,0.00,0.00,0.00,0.00,0.00,0.00,0.00,0.00,1.04,0.00,0.01,0.04,0.01,0.00,0.02,98.66
01064801,0.07,0.00,0.00,0.00,0.00,0.00,0.00,0.00,0.00,0.00,0.00,0.00,0.00,0.00,1.88,0.00,0.00,0.01,0.01,0.00,0.00,98.03
01065000,0.17,0.00,0.00,0.00,0.00,0.00,0.00,0.00,0.00,0.00,0.00,0.00,0.00,0.00,1.65,0.00,0.01,0.03,0.02,0.00,0.04,98.07
01065500,0.18,0.00,0.00,0.00,0.00,0.00,0.00,0.00,0.00,0.00,0.00,0.00,0.00,0.00,1.89,0.00,0.00,0.03,0.02,0.00,0.04,97.83
01066000,0.36,0.00,0.00,0.00,0.00,0.00,0.00,0.00,0.00,0.00,0.00,0.00,0.00,0.00,1.76,0.00,0.19,0.05,0.03,0.00,0.11,97.49
01066500,0.18,0.00,0.00,0.00,0.00,0.00,0.00,0.00,0.00,0.00,0.00,0.00,0.00,0.00,3.29,0.00,0.01,0.00,0.03,0.00,0.17,96.33
01067950,0.27,0.00,0.00,0.00,0.00,0.00,0.00,0.00,0.00,0.00,0.00,0.00,0.04,0.00,10.26,0.00,0.03,0.01,0.01,0.00,0.11,89.28
01068910,0.16,0.00,0.00,0.00,0.00,0.00,0.00,0.00,0.00,0.00,0.00,0.00,0.00,0.01,4.81,0.00,0.00,0.00,0.04,0.00,0.10,94.88
01069500,0.20,0.00,0.00,0.00,0.00,0.00,0.00,0.00,0.00,0.00,0.00,0.00,0.01,0.01,4.68,0.00,0.00,0.00,0.02,0.00,0.10,94.98
01069700,0.13,0.00,0.00,0.00,0.00,0.00,0.00,0.00,0.00,0.00,0.00,0.00,0.04,0.05,3.39,0.00,0.02,0.05,0.04,0.00,0.29,96.00
01072500,0.14,0.00,0.00,0.00,0.00,0.00,0.00,0.00,0.00,0.00,0.00,0.00,0.01,0.01,3.19,0.00,0.01,0.08,0.05,0.00,0.09,96.44
01072800,0.33,0.00,0.00,0.00,0.00,0.00,0.00,0.00,0.00,0.00,0.00,0.00,0.01,0.01,4.25,0.00,0.01,0.05,0.07,0.00,0.11,95.16
01072870,0.14,0.00,0.00,0.00,0.00,0.00,0.00,0.00,0.00,0.00,0.00,0.00,0.00,0.00,3.78,0.00,0.00,0.01,0.06,0.00,0.49,95.52
01073000,0.12,0.00,0.00,0.00,0.00,0.00,0.00,0.00,0.00,0.00,0.00,0.00,0.00,0.00,5.80,0.00,0.00,0.02,0.06,0.00,0.01,93.99
01073319,0.22,0.00,0.00,0.00,0.00,0.00,0.00,0.00,0.00,0.00,0.00,0.00,0.00,0.00,2.35,0.00,0.00,0.00,0.02,0.00,1.06,96.34
01073500,0.21,0.00,0.00,0.00,0.00,0.00,0.00,0.00,0.00,0.00,0.00,0.00,0.00,0.00,4.11,0.00,0.00,0.00,0.03,0.00,0.50,95.14
010735562,0.39,0.00,0.00,0.00,0.00,0.00,0.00,0.00,0.00,0.00,0.00,0.00,0.00,0.01,9.59,0.00,0.00,0.03,0.06,0.00,0.27,89.65
01073587,0.23,0.00,0.00,0.00,0.00,0.00,0.00,0.00,0.00,0.00,0.00,0.00,0.00,0.02,6.65,0.00,0.01,0.02,0.05,0.00,0.21,92.81
01073600,0.21,0.00,0.00,0.00,0.00,0.00,0.00,0.00,0.00,0.00,0.00,0.00,0.00,0.00,20.77,0.00,0.00,0.04,0.13,0.00,0.08,78.76
01073785,0.03,0.00,0.00,0.00,0.00,0.00,0.00,0.00,0.00,0.00,0.00,0.00,0.01,0.00,10.41,0.00,0.00,0.01,0.11,0.00,0.13,89.30
01074520,0.03,0.00,0.00,0.00,0.00,0.00,0.00,0.00,0.00,0.00,0.00,0.00,0.00,0.00,0.19,0.00,0.00,0.00,0.00,0.00,0.00,99.78
01075000,0.05,0.00,0.00,0.00,0.00,0.00,0.00,0.00,0.00,0.00,0.00,0.00,0.00,0.00,0.21,0.00,0.00,0.00,0.00,0.00,0.00,99.74
01075800,0.00,0.00,0.00,0.00,0.00,0.00,0.00,0.00,0.00,0.00,0.00,0.00,0.00,0.00,0.38,0.00,0.00,0.00,0.00,0.00,0.00,99.62
01076000,0.32,0.00,0.00,0.00,0.00,0.00,0.00,0.00,0.00,0.00,0.00,0.00,0.00,0.00,1.89,0.00,0.00,0.02,0.00,0.00,0.02,97.76
01076500,0.19,0.00,0.00,0.00,0.00,0.00,0.00,0.00,0.00,0.00,0.00,0.00,0.00,0.00,1.31,0.00,0.00,0.01,0.00,0.00,0.01,98.48
01077000,0.09,0.00,0.00,0.00,0.00,0.00,0.00,0.00,0.00,0.00,0.00,0.00,0.00,0.00,1.72,0.00,0.00,0.00,0.00,0.00,0.01,98.18
01077400,0.15,0.00,0.00,0.00,0.00,0.00,0.00,0.00,0.00,0.00,0.00,0.00,0.00,0.00,1.44,0.00,0.01,0.00,0.00,0.00,0.00,98.40
01078000,0.21,0.00,0.00,0.00,0.00,0.00,0.00,0.00,0.00,0.00,0.00,0.00,0.00,0.00,2.97,0.00,0.00,0.00,0.00,0.00,0.01,96.80
01081000,0.21,0.00,0.00,0.00,0.00,0.00,0.00,0.00,0.00,0.00,0.00,0.00,0.00,0.01,2.69,0.00,0.00,0.03,0.01,0.00,0.03,97.02
01081500,0.18,0.00,0.00,0.00,0.00,0.00,0.00,0.00,0.00,0.00,0.00,0.00,0.00,0.00,2.24,0.00,0.00,0.01,0.00,0.00,0.02,97.54
01082000,0.25,0.00,0.00,0.00,0.00,0.00,0.00,0.00,0.00,0.00,0.00,0.00,0.00,0.01,4.11,0.00,0.01,0.03,0.00,0.00,0.05,95.53
01083000,0.05,0.00,0.00,0.00,0.00,0.00,0.00,0.00,0.00,0.00,0.00,0.00,0.00,0.01,2.42,0.00,0.00,0.01,0.00,0.00,0.00,97.50
01084000,0.17,0.00,0.00,0.00,0.00,0.00,0.00,0.00,0.00,0.00,0.00,0.00,0.00,0.00,0.75,0.00,0.00,0.00,0.00,0.00,0.01,99.07
01084500,0.21,0.00,0.00,0.00,0.00,0.00,0.00,0.00,0.00,0.00,0.00,0.00,0.00,0.00,3.10,0.00,0.01,0.01,0.01,0.00,0.00,96.68
01085000,0.24,0.00,0.00,0.00,0.00,0.00,0.00,0.00,0.00,0.00,0.00,0.00,0.00,0.01,3.46,0.00,0.00,0.01,0.01,0.00,0.02,96.26
01085500,0.28,0.00,0.00,0.00,0.00,0.00,0.00,0.00,0.00,0.00,0.00,0.00,0.00,0.01,3.72,0.00,0.00,0.01,0.01,0.00,0.02,95.97
01085800,0.18,0.00,0.00,0.00,0.00,0.00,0.00,0.00,0.00,0.00,0.00,0.00,0.00,0.00,2.20,0.00,0.00,0.00,0.00,0.00,0.00,97.62
01086000,0.15,0.00,0.00,0.00,0.00,0.00,0.00,0.00,0.00,0.00,0.00,0.00,0.00,0.00,3.09,0.00,0.00,0.01,0.00,0.00,0.00,96.74
01087000,0.14,0.00,0.00,0.00,0.00,0.00,0.00,0.00,0.00,0.00,0.00,0.00,0.00,0.00,2.81,0.00,0.00,0.00,0.01,0.00,0.01,97.03
01088000,0.30,0.00,0.00,0.00,0.00,0.00,0.00,0.00,0.00,0.00,0.00,0.00,0.00,0.00,3.57,0.00,0.00,0.01,0.00,0.00,0.02,96.10
01089000,0.44,0.00,0.00,0.00,0.00,0.00,0.00,0.00,0.00,0.00,0.00,0.00,0.00,0.00,4.78,0.00,0.01,0.00,0.00,0.00,0.03,94.74
01089100,0.44,0.00,0.00,0.00,0.00,0.00,0.00,0.00,0.00,0.00,0.00,0.00,0.00,0.00,4.60,0.00,0.01,0.00,0.00,0.00,0.03,94.91
01089500,0.63,0.00,0.00,0.00,0.00,0.00,0.00,0.00,0.00,0.00,0.00,0.00,0.00,0.00,4.60,0.00,0.00,0.02,0.01,0.00,0.20,94.53
01090800,0.20,0.00,0.00,0.00,0.00,0.00,0.00,0.00,0.00,0.00,0.00,0.00,0.00,0.00,5.17,0.00,0.01,0.00,0.00,0.00,0.01,94.61
01091000,0.21,0.00,0.00,0.00,0.00,0.00,0.00,0.00,0.00,0.00,0.00,0.00,0.00,0.02,5.19,0.00,0.00,0.02,0.01,0.00,0.02,94.53
01091500,0.22,0.00,0.00,0.00,0.00,0.00,0.00,0.00,0.00,0.00,0.00,0.00,0.00,0.01,5.10,0.00,0.00,0.01,0.01,0.00,0.03,94.62
01092000,0.35,0.00,0.00,0.00,0.00,0.00,0.00,0.00,0.00,0.00,0.00,0.00,0.00,0.00,3.23,0.00,0.00,0.01,0.01,0.00,0.05,96.34
01093000,0.21,0.00,0.00,0.00,0.00,0.00,0.00,0.00,0.00,0.00,0.00,0.00,0.00,0.01,1.63,0.00,0.00,0.00,0.16,0.00,0.80,97.18
01093800,0.00,0.00,0.00,0.00,0.00,0.00,0.00,0.00,0.00,0.00,0.00,0.00,0.00,0.00,3.20,0.00,0.00,0.00,0.00,0.00,0.00,96.80
01093852,0.18,0.00,0.00,0.00,0.00,0.00,0.00,0.00,0.00,0.00,0.00,0.00,0.00,0.01,5.89,0.00,0.00,0.03,0.00,0.00,0.03,93.86
01094000,0.37,0.00,0.00,0.00,0.00,0.00,0.00,0.00,0.00,0.00,0.00,0.00,0.00,0.01,6.28,0.00,0.00,0.03,0.00,0.00,0.10,93.21
01094400,0.47,0.00,0.00,0.00,0.00,0.00,0.00,0.00,0.00,0.00,0.00,0.00,0.00,0.01,4.76,0.00,0.02,0.04,0.01,0.00,0.09,94.60
01094500,0.46,0.00,0.00,0.00,0.00,0.00,0.00,0.00,0.00,0.00,0.00,0.00,0.00,0.02,4.26,0.00,0.01,0.05,0.01,0.00,0.20,94.99
01095220,1.93,0.00,0.00,0.00,0.00,0.00,0.00,0.00,0.00,0.00,0.00,0.00,0.00,0.00,6.88,0.00,0.00,0.05,0.12,0.00,0.00,91.01
01095375,1.81,0.00,0.00,0.00,0.00,0.00,0.00,0.00,0.00,0.00,0.00,0.00,0.00,0.00,6.47,0.00,0.00,0.06,0.08,0.00,0.03,91.55
01095505,1.90,0.00,0.00,0.00,0.00,0.00,0.00,0.00,0.00,0.00,0.00,0.00,0.00,0.00,6.50,0.00,0.00,0.07,0.12,0.00,0.04,91.37
01096000,0.57,0.00,0.00,0.00,0.00,0.00,0.00,0.00,0.00,0.00,0.00,0.00,0.00,0.01,4.32,0.00,0.01,0.03,0.01,0.00,0.11,94.92
01096500,1.43,0.00,0.00,0.00,0.00,0.00,0.00,0.00,0.00,0.00,0.00,0.00,0.00,0.02,6.20,0.00,0.01,0.06,0.06,0.00,0.17,92.03
01096503,0.40,0.00,0.00,0.00,0.00,0.00,0.00,0.00,0.00,0.00,0.00,0.00,0.00,0.00,4.67,0.00,0.00,0.01,0.01,0.00,0.12,94.78
010965852,0.43,0.00,0.00,0.00,0.00,0.00,0.00,0.00,0.00,0.00,0.00,0.00,0.01,0.02,3.69,0.00,0.01,0.01,0.03,0.00,2.61,93.19
010965995,3.92,0.00,0.00,0.00,0.00,0.00,0.00,0.00,0.00,0.00,0.00,0.00,0.00,0.02,7.62,0.00,0.00,0.16,0.27,0.00,0.00,88.01
01096835,3.45,0.00,0.00,0.00,0.00,0.00,0.00,0.00,0.00,0.00,0.00,0.00,0.00,0.00,4.33,0.00,0.00,0.11,0.14,0.00,0.03,91.94
01096840,3.41,0.00,0.00,0.00,0.00,0.00,0.00,0.00,0.00,0.00,0.00,0.00,0.00,0.00,4.26,0.00,0.00,0.10,0.14,0.00,0.03,92.05
01096885,3.19,0.00,0.00,0.00,0.00,0.00,0.00,0.00,0.00,0.00,0.00,0.00,0.00,0.00,4.47,0.00,0.01,0.08,0.18,0.00,0.09,91.98
01097000,2.82,0.00,0.00,0.00,0.00,0.00,0.00,0.00,0.00,0.00,0.00,0.00,0.00,0.01,4.47,0.00,0.01,0.06,0.18,0.00,0.17,92.29
01097300,1.19,0.00,0.00,0.00,0.00,0.00,0.00,0.00,0.00,0.00,0.00,0.00,0.01,0.10,2.79,0.00,0.05,0.03,0.25,0.00,4.38,91.20
01097380,0.73,0.00,0.00,0.00,0.00,0.00,0.00,0.00,0.00,0.00,0.00,0.00,0.00,0.06,2.45,0.00,0.01,0.06,0.10,0.00,2.09,94.49
01097480,1.02,0.00,0.00,0.00,0.00,0.00,0.00,0.00,0.00,0.00,0.00,0.00,0.00,0.00,1.89,0.00,0.02,0.01,0.15,0.00,0.29,96.61
01098530,0.78,0.00,0.00,0.00,0.00,0.00,0.00,0.00,0.00,0.00,0.00,0.00,0.00,0.00,2.29,0.00,0.02,0.02,0.08,0.00,0.33,96.47
01099500,1.27,0.00,0.00,0.00,0.00,0.00,0.00,0.00,0.00,0.00,0.00,0.00,0.00,0.03,3.35,0.00,0.01,0.03,0.11,0.00,0.43,94.76
01100000,0.58,0.00,0.00,0.00,0.00,0.00,0.00,0.00,0.00,0.00,0.00,0.00,0.00,0.01,3.75,0.00,0.01,0.02,0.03,0.00,0.22,95.39
01100505,0.12,0.00,0.00,0.00,0.00,0.00,0.00,0.00,0.00,0.00,0.00,0.00,0.00,0.00,4.21,0.00,0.00,0.02,0.06,0.00,0.06,95.53
01100561,0.10,0.00,0.00,0.00,0.00,0.00,0.00,0.00,0.00,0.00,0.00,0.00,0.00,0.00,3.81,0.00,0.00,0.01,0.05,0.00,0.08,95.94
01100600,0.53,0.00,0.00,0.00,0.00,0.00,0.00,0.00,0.00,0.00,0.00,0.00,0.00,0.10,2.02,0.00,0.04,0.02,0.04,0.00,0.10,97.15
01100627,0.20,0.00,0.00,0.00,0.00,0.00,0.00,0.00,0.00,0.00,0.00,0.00,0.01,0.05,1.99,0.00,0.01,0.05,0.10,0.00,0.08,97.51
01101000,0.21,0.00,0.00,0.00,0.00,0.00,0.00,0.00,0.00,0.00,0.00,0.00,0.00,0.04,5.45,0.00,0.01,0.05,0.23,0.00,0.15,93.86
01101344,0.03,0.00,0.00,0.00,0.00,0.00,0.00,0.00,0.00,0.00,0.00,0.00,0.00,0.02,0.91,0.00,0.00,0.02,0.06,0.00,0.06,98.90
01101500,0.07,0.00,0.00,0.00,0.00,0.00,0.00,0.00,0.00,0.00,0.00,0.00,0.00,0.04,0.85,0.00,0.01,0.03,0.17,0.00,0.09,98.73
01102000,0.23,0.00,0.00,0.00,0.00,0.00,0.00,0.00,0.00,0.00,0.00,0.00,0.00,0.06,1.49,0.00,0.00,0.11,0.48,0.00,0.15,97.48
01102345,0.07,0.00,0.00,0.00,0.00,0.00,0.00,0.00,0.00,0.00,0.00,0.00,0.00,0.06,0.42,0.00,0.01,0.04,0.07,0.00,0.15,99.17
01102500,0.14,0.00,0.00,0.00,0.00,0.00,0.00,0.00,0.00,0.00,0.00,0.00,0.00,0.02,1.00,0.00,0.02,0.02,0.05,0.00,0.08,98.67
01103025,0.04,0.00,0.00,0.00,0.00,0.00,0.00,0.00,0.00,0.00,0.00,0.00,0.00,0.01,0.35,0.00,0.02,0.00,0.03,0.00,0.03,99.52
01103220,0.47,0.00,0.00,0.00,0.00,0.00,0.00,0.00,0.00,0.00,0.00,0.00,0.00,0.00,2.40,0.00,0.00,0.00,0.00,0.00,0.06,97.06
01103280,0.15,0.00,0.00,0.00,0.00,0.00,0.00,0.00,0.00,0.00,0.00,0.00,0.00,0.00,3.04,0.00,0.05,0.00,0.01,0.00,0.25,96.49
01103455,0.11,0.00,0.00,0.00,0.00,0.00,0.00,0.00,0.00,0.00,0.00,0.00,0.00,0.00,6.65,0.00,0.00,0.00,0.00,0.00,0.13,93.11
01103500,0.15,0.00,0.00,0.00,0.00,0.00,0.00,0.00,0.00,0.00,0.00,0.00,0.00,0.00,3.75,0.00,0.04,0.00,0.01,0.00,0.28,95.77
01104200,0.15,0.00,0.00,0.00,0.00,0.00,0.00,0.00,0.00,0.00,0.00,0.00,0.00,0.00,3.49,0.00,0.03,0.00,0.01,0.00,0.26,96.04
01104430,0.41,0.00,0.00,0.00,0.00,0.00,0.00,0.00,0.00,0.00,0.00,0.00,0.03,0.04,1.20,0.00,0.00,0.00,0.04,0.00,0.04,98.24
01104460,0.27,0.00,0.00,0.00,0.00,0.00,0.00,0.00,0.00,0.00,0.00,0.00,0.01,0.03,3.24,0.00,0.03,0.01,0.09,0.00,0.14,96.19
01104475,0.00,0.00,0.00,0.00,0.00,0.00,0.00,0.00,0.00,0.00,0.00,0.00,0.00,0.17,4.50,0.00,0.00,0.00,0.00,0.00,0.00,95.33
01104500,0.16,0.00,0.00,0.00,0.00,0.00,0.00,0.00,0.00,0.00,0.00,0.00,0.00,0.01,3.31,0.00,0.03,0.00,0.02,0.00,0.24,96.23
01105000,0.20,0.00,0.00,0.00,0.00,0.00,0.00,0.00,0.00,0.00,0.00,0.00,0.00,0.00,2.38,0.00,0.03,0.01,0.01,0.00,0.24,97.13
01105500,0.15,0.00,0.00,0.00,0.00,0.00,0.00,0.00,0.00,0.00,0.00,0.00,0.00,0.01,1.44,0.00,0.04,0.01,0.01,0.00,0.25,98.09
01105554,0.16,0.00,0.00,0.00,0.00,0.00,0.00,0.00,0.00,0.00,0.00,0.00,0.00,0.01,1.68,0.00,0.03,0.01,0.01,0.00,0.21,97.89
011055566,0.14,0.00,0.00,0.00,0.00,0.00,0.00,0.00,0.00,0.00,0.00,0.00,0.00,0.00,1.66,0.00,0.02,0.01,0.01,0.00,0.18,97.97
01105583,0.16,0.00,0.00,0.00,0.00,0.00,0.00,0.00,0.00,0.00,0.00,0.00,0.00,0.00,0.92,0.00,0.07,0.02,0.02,0.00,0.26,98.53
01105585,0.13,0.00,0.00,0.00,0.00,0.00,0.00,0.00,0.00,0.00,0.00,0.00,0.00,0.00,0.32,0.00,0.06,0.05,0.00,0.00,0.24,99.19
01105600,0.41,0.00,0.00,0.00,0.00,0.00,0.00,0.00,0.00,0.00,0.00,0.00,0.00,0.00,0.50,0.00,0.16,0.00,0.00,0.00,0.52,98.41
01105638,0.55,0.00,0.00,0.00,0.00,0.00,0.00,0.00,0.00,0.00,0.00,0.00,0.00,0.00,1.94,0.00,0.10,0.03,0.03,0.00,0.72,96.64
01105730,0.68,0.00,0.00,0.00,0.00,0.00,0.00,0.00,0.00,0.00,0.00,0.00,0.00,0.00,1.11,0.00,0.08,0.02,0.00,0.00,1.84,96.26
01105870,0.08,0.00,0.00,0.00,0.00,0.00,0.00,0.00,0.00,0.00,0.00,0.00,0.00,0.01,0.34,0.00,0.01,0.01,0.00,0.00,10.13,89.41
011058756,0.36,0.00,0.00,0.00,0.00,0.00,0.00,0.00,0.00,0.00,0.00,0.00,0.00,0.00,0.54,0.00,0.03,0.00,0.00,0.00,6.98,92.09
01105876,0.30,0.00,0.00,0.00,0.00,0.00,0.00,0.00,0.00,0.00,0.00,0.00,0.00,0.05,2.43,0.00,0.02,0.08,0.00,0.00,7.43,89.70
01105880,0.04,0.00,0.00,0.00,0.00,0.00,0.00,0.00,0.00,0.00,0.00,0.00,0.00,0.00,0.03,0.00,0.00,0.00,0.00,0.00,1.78,98.15
01105917,0.07,0.00,0.00,0.00,0.00,0.00,0.00,0.00,0.00,0.00,0.00,0.00,0.00,0.02,4.12,0.00,0.01,0.05,0.01,0.00,6.40,89.32
01105933,0.59,0.00,0.00,0.00,0.00,0.00,0.00,0.00,0.00,0.00,0.00,0.00,0.00,0.04,3.98,0.00,0.06,0.27,0.05,0.00,0.94,94.07
01106000,3.52,0.00,0.00,0.00,0.00,0.00,0.00,0.00,0.00,0.00,0.00,0.00,0.00,0.06,5.27,0.00,0.18,0.29,0.55,0.00,0.40,89.74
01106500,1.26,0.00,0.00,0.00,0.00,0.00,0.00,0.00,0.00,0.00,0.00,0.00,0.00,0.00,1.63,0.00,0.06,0.04,0.04,0.00,0.41,96.54
01108000,2.07,0.00,0.00,0.00,0.00,0.00,0.00,0.00,0.00,0.00,0.00,0.00,0.00,0.16,2.88,0.01,0.05,0.16,0.04,0.00,4.76,89.88
01108320,1.88,0.00,0.00,0.00,0.00,0.00,0.00,0.00,0.00,0.00,0.00,0.00,0.00,0.08,1.91,0.00,0.12,0.22,0.10,0.00,0.84,94.85
01108410,1.74,0.00,0.00,0.00,0.00,0.00,0.00,0.00,0.00,0.00,0.00,0.00,0.00,0.06,1.87,0.00,0.05,0.20,0.11,0.00,1.07,94.90
01108500,0.94,0.00,0.00,0.00,0.00,0.00,0.00,0.00,0.00,0.00,0.00,0.00,0.00,0.08,2.30,0.00,0.13,0.10,0.03,0.00,0.51,95.89
01109000,1.48,0.00,0.00,0.00,0.00,0.00,0.00,0.00,0.00,0.00,0.00,0.00,0.00,0.06,2.58,0.00,0.10,0.21,0.07,0.00,0.54,94.95
01109060,1.51,0.00,0.00,0.00,0.00,0.00,0.00,0.00,0.00,0.00,0.00,0.00,0.01,0.04,2.70,0.00,0.11,0.25,0.15,0.00,0.67,94.57
01109070,2.44,0.00,0.00,0.00,0.00,0.00,0.00,0.00,0.00,0.00,0.00,0.00,0.00,0.01,3.32,0.00,0.03,0.40,0.11,0.00,0.34,93.35
01109090,0.35,0.00,0.00,0.00,0.00,0.00,0.00,0.00,0.00,0.00,0.00,0.00,0.00,0.00,0.46,0.00,0.06,0.04,0.19,0.00,0.00,98.90
01109220,4.26,0.00,0.00,0.00,0.00,0.00,0.00,0.00,0.00,0.00,0.00,0.00,0.00,0.03,6.18,0.00,0.10,0.44,0.12,0.00,0.67,88.20
01109403,1.39,0.00,0.00,0.00,0.00,0.00,0.00,0.00,0.00,0.00,0.00,0.00,0.00,0.02,3.27,0.00,0.05,0.24,0.11,0.00,0.44,94.48
01109500,1.67,0.00,0.00,0.00,0.00,0.00,0.00,0.00,0.00,0.00,0.00,0.00,0.00,0.00,5.95,0.00,0.00,0.06,0.10,0.00,0.02,92.20
01109730,1.26,0.00,0.00,0.00,0.00,0.00,0.00,0.00,0.00,0.00,0.00,0.00,0.00,0.01,3.58,0.00,0.00,0.04,0.09,0.00,0.03,94.99
01110000,1.67,0.00,0.00,0.00,0.00,0.00,0.00,0.00,0.00,0.00,0.00,0.00,0.00,0.00,2.24,0.00,0.00,0.04,0.07,0.00,0.01,95.96
01110500,2.39,0.00,0.00,0.00,0.00,0.00,0.00,0.00,0.00,0.00,0.00,0.00,0.00,0.01,4.26,0.00,0.00,0.07,0.12,0.00,0.03,93.12
01111050,2.72,0.00,0.00,0.00,0.00,0.00,0.00,0.00,0.00,0.00,0.00,0.00,0.00,0.03,5.93,0.00,0.01,0.09,0.35,0.00,0.08,90.79
01111200,2.40,0.00,0.00,0.00,0.00,0.00,0.00,0.00,0.00,0.00,0.00,0.00,0.00,0.00,4.06,0.00,0.03,0.02,0.19,0.00,0.22,93.09
01111212,2.36,0.00,0.00,0.00,0.00,0.00,0.00,0.00,0.00,0.00,0.00,0.00,0.00,0.02,4.53,0.00,0.01,0.06,0.19,0.00,0.08,92.75
01111225,0.96,0.00,0.00,0.00,0.00,0.00,0.00,0.00,0.00,0.00,0.00,0.00,0.00,0.00,2.53,0.00,0.00,0.00,0.49,0.00,0.21,95.81
01111300,1.42,0.00,0.00,0.00,0.00,0.00,0.00,0.00,0.00,0.00,0.00,0.00,0.00,0.00,2.05,0.00,0.01,0.05,0.06,0.00,0.23,96.18
01111500,0.80,0.00,0.00,0.00,0.00,0.00,0.00,0.00,0.00,0.00,0.00,0.00,0.00,0.03,2.64,0.00,0.01,0.04,0.06,0.00,0.27,96.14
01112500,1.72,0.00,0.00,0.00,0.00,0.00,0.00,0.00,0.00,0.00,0.00,0.00,0.00,0.02,3.98,0.00,0.01,0.05,0.15,0.00,0.17,93.91
01113695,0.14,0.00,0.00,0.00,0.00,0.00,0.00,0.00,0.00,0.00,0.00,0.00,0.00,0.00,4.41,0.00,0.00,0.03,0.00,0.00,0.10,95.32
01113895,1.46,0.00,0.00,0.00,0.00,0.00,0.00,0.00,0.00,0.00,0.00,0.00,0.00,0.02,4.09,0.00,0.01,0.05,0.13,0.00,0.18,94.07
01114000,0.04,0.00,0.00,0.00,0.00,0.00,0.00,0.00,0.00,0.00,0.00,0.00,0.00,0.00,2.47,0.00,0.03,0.03,0.01,0.00,0.06,97.36
01114500,0.19,0.00,0.00,0.00,0.00,0.00,0.00,0.00,0.00,0.00,0.00,0.00,0.00,0.01,5.18,0.00,0.02,0.06,0.01,0.00,0.32,94.21
01115098,0.09,0.00,0.00,0.00,0.00,0.00,0.00,0.00,0.00,0.00,0.00,0.00,0.00,0.00,6.26,0.00,0.03,0.00,0.00,0.00,0.15,93.46
01115187,0.95,0.00,0.00,0.00,0.00,0.00,0.00,0.00,0.00,0.00,0.00,0.00,0.00,0.00,1.62,0.00,0.00,0.06,0.06,0.00,0.15,97.16
01115630,0.16,0.00,0.00,0.00,0.00,0.00,0.00,0.00,0.00,0.00,0.00,0.00,0.00,0.02,3.93,0.00,0.02,0.00,0.00,0.00,0.58,95.29
01115670,0.00,0.00,0.00,0.00,0.00,0.00,0.00,0.00,0.00,0.00,0.00,0.00,0.00,0.00,3.07,0.00,0.05,0.00,0.00,0.00,0.13,96.75
01115770,0.04,0.00,0.00,0.00,0.00,0.00,0.00,0.00,0.00,0.00,0.00,0.00,0.00,0.02,1.13,0.00,0.07,0.04,0.00,0.00,0.27,98.44
01116000,0.19,0.00,0.00,0.00,0.00,0.00,0.00,0.00,0.00,0.00,0.00,0.00,0.00,0.01,2.98,0.00,0.06,0.01,0.02,0.00,0.57,96.16
01116500,0.30,0.00,0.00,0.00,0.00,0.00,0.00,0.00,0.00,0.00,0.00,0.00,0.00,0.00,3.28,0.00,0.04,0.02,0.03,0.00,0.48,95.85
01116905,0.08,0.00,0.00,0.00,0.00,0.00,0.00,0.00,0.00,0.01,0.00,0.00,0.00,0.00,3.25,0.00,0.06,0.02,0.00,0.00,0.44,96.14
01117000,0.06,0.00,0.00,0.00,0.00,0.00,0.00,0.00,0.00,0.01,0.00,0.00,0.00,0.00,2.64,0.00,0.05,0.01,0.01,0.00,0.39,96.83
01117350,0.85,0.00,0.00,0.00,0.00,0.00,0.00,0.00,0.00,0.35,0.00,0.00,0.00,0.05,8.09,0.00,0.01,0.21,0.03,0.00,10.18,80.23
01117370,0.08,0.00,0.00,0.00,0.00,0.00,0.00,0.00,0.00,0.00,0.00,0.00,0.00,0.00,5.78,0.00,0.12,0.01,0.01,0.00,1.02,92.98
01117420,0.48,0.00,0.00,0.00,0.00,0.00,0.00,0.00,0.00,0.00,0.00,0.00,0.00,0.00,5.89,0.00,0.06,0.02,0.03,0.00,1.88,91.62
01117430,1.01,0.00,0.00,0.00,0.00,0.00,0.00,0.00,0.00,0.05,0.00,0.00,0.00,0.01,5.65,0.00,0.04,0.11,0.07,0.00,3.15,89.91
01117468,0.77,0.00,0.00,0.00,0.00,0.00,0.00,0.00,0.00,0.00,0.00,0.00,0.00,0.00,2.31,0.00,0.00,0.05,0.13,0.00,0.42,96.32
01117500,1.14,0.00,0.00,0.00,0.00,0.00,0.00,0.00,0.00,0.03,0.00,0.00,0.00,0.01,5.64,0.00,0.03,0.10,0.07,0.00,2.83,90.15
01117800,1.20,0.00,0.00,0.00,0.00,0.00,0.00,0.00,0.00,0.00,0.00,0.00,0.00,0.00,2.66,0.00,0.00,0.00,0.32,0.00,0.21,95.60
01118000,1.02,0.00,0.00,0.00,0.00,0.00,0.00,0.00,0.00,0.00,0.00,0.00,0.00,0.00,2.75,0.00,0.01,0.06,0.21,0.00,0.29,95.66
01118300,4.02,0.00,0.00,0.00,0.00,0.00,0.00,0.00,0.00,0.00,0.00,0.00,0.00,0.00,2.25,0.00,0.00,0.26,0.17,0.00,0.00,93.30
01118500,2.18,0.00,0.00,0.00,0.00,0.00,0.00,0.00,0.00,0.01,0.00,0.00,0.00,0.07,5.02,0.00,0.02,0.08,0.20,0.00,1.35,91.05
01119384,1.13,0.00,0.00,0.00,0.00,0.00,0.00,0.00,0.00,0.00,0.00,0.00,0.00,0.01,3.40,0.00,0.00,0.11,0.06,0.00,0.05,95.24
01119500,1.73,0.00,0.00,0.00,0.00,0.00,0.00,0.00,0.00,0.00,0.00,0.00,0.00,0.01,3.89,0.00,0.00,0.14,0.14,0.00,0.04,94.04
01120000,2.75,0.00,0.00,0.00,0.00,0.00,0.00,0.00,0.00,0.00,0.00,0.00,0.00,0.01,5.96,0.00,0.01,0.23,0.15,0.00,0.14,90.75
01120500,4.23,0.00,0.00,0.00,0.00,0.00,0.00,0.00,0.00,0.00,0.00,0.00,0.00,0.00,12.31,0.00,0.00,0.15,0.08,0.00,0.03,83.20
01121000,1.57,0.00,0.00,0.00,0.00,0.00,0.00,0.00,0.00,0.00,0.00,0.00,0.00,0.01,4.88,0.00,0.00,0.07,0.20,0.00,0.00,93.27
01122000,2.23,0.00,0.00,0.00,0.00,0.00,0.00,0.00,0.00,0.00,0.00,0.00,0.00,0.02,5.15,0.00,0.00,0.11,0.26,0.00,0.04,92.19
01122500,2.39,0.00,0.00,0.00,0.00,0.00,0.00,0.00,0.00,0.00,0.00,0.00,0.00,0.01,5.23,0.00,0.00,0.16,0.27,0.00,0.06,91.89
01123000,3.85,0.00,0.00,0.00,0.00,0.00,0.00,0.00,0.00,0.00,0.00,0.00,0.00,0.00,5.61,0.00,0.00,0.15,0.63,0.00,0.00,89.76
011230695,2.98,0.00,0.00,0.00,0.00,0.00,0.00,0.00,0.00,0.00,0.00,0.00,0.00,0.02,5.54,0.00,0.00,0.17,0.42,0.00,0.05,90.81
01123360,0.84,0.00,0.00,0.00,0.00,0.00,0.00,0.00,0.00,0.00,0.00,0.00,0.00,0.00,4.66,0.00,0.00,0.02,0.06,0.00,0.01,94.40
01123600,0.80,0.00,0.00,0.00,0.00,0.00,0.00,0.00,0.00,0.00,0.00,0.00,0.00,0.00,4.07,0.00,0.00,0.02,0.05,0.00,0.02,95.04
01124000,1.07,0.00,0.00,0.00,0.00,0.00,0.00,0.00,0.00,0.00,0.00,0.00,0.00,0.00,5.84,0.00,0.00,0.04,0.07,0.00,0.02,92.96
01124151,1.74,0.00,0.00,0.00,0.00,0.00,0.00,0.00,0.00,0.00,0.00,0.00,0.00,0.00,6.50,0.00,0.00,0.04,0.18,0.00,0.02,91.50
01124350,2.25,0.00,0.00,0.00,0.00,0.00,0.00,0.00,0.00,0.00,0.00,0.00,0.00,0.00,7.37,0.00,0.00,0.06,0.09,0.00,0.01,90.21
01124500,1.79,0.00,0.00,0.00,0.00,0.00,0.00,0.00,0.00,0.00,0.00,0.00,0.00,0.00,7.77,0.00,0.00,0.03,0.12,0.00,0.03,90.27
01125000,2.18,0.00,0.00,0.00,0.00,0.00,0.00,0.00,0.00,0.00,0.00,0.00,0.00,0.00,6.25,0.00,0.00,0.05,0.14,0.00,0.02,91.36
01125100,2.10,0.00,0.00,0.00,0.00,0.00,0.00,0.00,0.00,0.00,0.00,0.00,0.00,0.00,6.00,0.00,0.00,0.04,0.15,0.00,0.02,91.69
01125500,2.52,0.00,0.00,0.00,0.00,0.00,0.00,0.00,0.00,0.00,0.00,0.00,0.00,0.00,7.19,0.00,0.00,0.06,0.26,0.00,0.03,89.94
01126000,2.41,0.00,0.00,0.00,0.00,0.00,0.00,0.00,0.00,0.00,0.00,0.00,0.00,0.01,3.82,0.00,0.00,0.06,0.14,0.00,0.02,93.54
01126500,2.97,0.00,0.00,0.00,0.00,0.00,0.00,0.00,0.00,0.00,0.00,0.00,0.00,0.00,5.08,0.00,0.00,0.07,0.45,0.00,0.34,91.08
01127000,3.78,0.00,0.00,0.00,0.00,0.00,0.00,0.00,0.00,0.00,0.00,0.00,0.00,0.03,6.47,0.00,0.00,0.11,0.41,0.00,0.11,89.08
01127500,6.79,0.00,0.00,0.00,0.00,0.00,0.00,0.00,0.00,0.00,0.00,0.00,0.00,0.13,10.84,0.00,0.00,0.33,1.07,0.00,0.05,80.79
01127880,0.00,0.00,0.00,0.00,0.00,0.00,0.00,0.00,0.00,0.00,0.00,0.00,0.00,0.00,0.19,0.00,0.00,0.00,0.00,0.00,0.00,99.81
01128500,0.01,0.00,0.00,0.00,0.00,0.00,0.00,0.00,0.00,0.00,0.00,0.00,0.00,0.00,0.14,0.00,0.00,0.00,0.00,0.00,0.00,99.81
01129200,0.06,0.00,0.00,0.00,0.00,0.00,0.00,0.00,0.00,0.00,0.00,0.00,0.00,0.00,0.57,0.00,0.00,0.00,0.00,0.00,0.00,99.32
01130000,0.03,0.00,0.00,0.00,0.00,0.00,0.00,0.00,0.00,0.00,0.00,0.00,0.00,0.00,0.78,0.00,0.00,0.00,0.00,0.00,0.00,99.19
01133000,0.12,0.00,0.00,0.00,0.00,0.00,0.00,0.00,0.00,0.00,0.00,0.00,0.00,0.00,1.98,0.00,0.00,0.00,0.02,0.00,0.00,97.89
01134500,0.34,0.00,0.00,0.00,0.00,0.00,0.00,0.00,0.00,0.00,0.00,0.00,0.00,0.00,0.85,0.00,0.00,0.00,0.01,0.00,0.00,98.81
01135000,0.71,0.00,0.00,0.00,0.00,0.00,0.00,0.00,0.00,0.00,0.00,0.00,0.00,0.00,4.12,0.00,0.00,0.00,0.01,0.00,0.00,95.15
01135150,2.20,0.00,0.00,0.00,0.00,0.00,0.00,0.00,0.00,0.00,0.00,0.00,0.00,0.00,13.28,0.00,0.00,0.00,0.00,0.00,0.00,84.52
01135300,1.63,0.00,0.00,0.00,0.00,0.00,0.00,0.00,0.00,0.00,0.00,0.00,0.00,0.00,14.33,0.00,0.00,0.00,0.01,0.00,0.00,84.03
01135500,1.23,0.00,0.00,0.00,0.00,0.00,0.00,0.00,0.00,0.00,0.00,0.00,0.00,0.00,8.89,0.00,0.00,0.01,0.03,0.00,0.00,89.85
01137500,0.03,0.00,0.00,0.00,0.00,0.00,0.00,0.00,0.00,0.00,0.00,0.00,0.00,0.00,0.57,0.00,0.00,0.00,0.00,0.00,0.00,99.39
01138000,0.38,0.00,0.00,0.00,0.00,0.00,0.00,0.00,0.00,0.00,0.00,0.00,0.00,0.01,3.78,0.00,0.00,0.00,0.00,0.00,0.00,95.83
01139000,0.46,0.00,0.00,0.00,0.00,0.00,0.00,0.00,0.00,0.00,0.00,0.00,0.00,0.01,6.70,0.00,0.00,0.00,0.01,0.00,0.00,92.82
01139800,0.13,0.00,0.00,0.00,0.00,0.00,0.00,0.00,0.00,0.00,0.00,0.00,0.00,0.00,2.93,0.00,0.00,0.00,0.08,0.00,0.00,96.87
01141500,0.51,0.00,0.00,0.00,0.00,0.00,0.00,0.00,0.00,0.00,0.00,0.00,0.00,0.01,6.22,0.00,0.00,0.02,0.12,0.00,0.00,93.12
01141800,0.97,0.00,0.00,0.00,0.00,0.00,0.00,0.00,0.00,0.00,0.00,0.00,0.00,0.00,6.39,0.00,0.00,0.00,0.06,0.00,0.00,92.58
01142500,2.23,0.00,0.00,0.00,0.01,0.00,0.00,0.00,0.00,0.00,0.00,0.00,0.00,0.08,15.70,0.00,0.00,0.67,0.33,0.00,0.03,80.93
01144000,0.91,0.00,0.00,0.00,0.00,0.00,0.00,0.00,0.00,0.00,0.00,0.00,0.00,0.01,8.02,0.00,0.00,0.36,0.23,0.00,0.01,90.46
01145000,0.19,0.00,0.00,0.00,0.00,0.00,0.00,0.00,0.00,0.00,0.00,0.00,0.00,0.00,2.72,0.00,0.00,0.02,0.00,0.00,0.02,97.05
01150500,0.22,0.00,0.00,0.00,0.00,0.00,0.00,0.00,0.00,0.00,0.00,0.00,0.00,0.00,2.89,0.00,0.00,0.01,0.00,0.00,0.02,96.86
01150900,1.39,0.00,0.00,0.00,0.02,0.00,0.00,0.00,0.00,0.00,0.00,0.00,0.01,0.00,1.86,0.00,0.00,0.14,0.05,0.00,0.01,96.51
01151500,0.64,0.00,0.00,0.00,0.00,0.00,0.00,0.00,0.00,0.00,0.00,0.00,0.00,0.00,6.89,0.00,0.00,0.11,0.09,0.00,0.01,92.25
01152500,0.73,0.00,0.00,0.00,0.00,0.00,0.00,0.00,0.00,0.00,0.00,0.00,0.00,0.00,4.33,0.00,0.00,0.03,0.01,0.00,0.06,94.83
01153000,0.94,0.00,0.00,0.00,0.00,0.00,0.00,0.00,0.00,0.00,0.00,0.00,0.00,0.00,5.80,0.00,0.00,0.10,0.04,0.00,0.01,93.11
01153500,0.96,0.00,0.00,0.00,0.00,0.00,0.00,0.00,0.00,0.00,0.00,0.00,0.00,0.00,5.38,0.00,0.00,0.03,0.02,0.00,0.02,93.58
01153550,0.95,0.00,0.00,0.00,0.00,0.00,0.00,0.00,0.00,0.00,0.00,0.00,0.00,0.00,5.87,0.00,0.00,0.04,0.02,0.00,0.04,93.08
01154000,0.43,0.00,0.00,0.00,0.00,0.00,0.00,0.00,0.00,0.00,0.00,0.00,0.00,0.00,4.59,0.00,0.00,0.01,0.03,0.00,0.15,94.79
01154500,0.90,0.00,0.00,0.00,0.00,0.00,0.00,0.00,0.00,0.00,0.00,0.00,0.00,0.01,6.06,0.00,0.00,0.06,0.06,0.00,0.01,90.82
01155000,0.87,0.00,0.00,0.00,0.00,0.00,0.00,0.00,0.00,0.00,0.00,0.00,0.00,0.00,5.13,0.00,0.00,0.01,0.00,0.00,0.02,93.97
01155500,0.32,0.00,0.00,0.00,0.01,0.00,0.00,0.00,0.00,0.00,0.00,0.00,0.00,0.01,3.59,0.00,0.00,0.14,0.02,0.00,0.00,95.91
01155910,0.34,0.00,0.00,0.00,0.01,0.00,0.00,0.00,0.00,0.00,0.00,0.00,0.00,0.01,3.13,0.00,0.00,0.11,0.03,0.00,0.00,96.37
01156000,0.35,0.00,0.00,0.00,0.01,0.00,0.00,0.00,0.00,0.00,0.00,0.00,0.00,0.01,3.27,0.00,0.00,0.11,0.04,0.00,0.00,96.22
01156500,0.92,0.00,0.00,0.00,0.00,0.00,0.00,0.00,0.00,0.00,0.00,0.00,0.00,0.02,6.02,0.00,0.00,0.06,0.05,0.00,0.02,91.09
01157000,0.21,0.00,0.00,0.00,0.00,0.00,0.00,0.00,0.00,0.00,0.00,0.00,0.00,0.00,1.00,0.00,0.00,0.01,0.00,0.00,0.00,98.77
01158000,0.23,0.00,0.00,0.00,0.00,0.00,0.00,0.00,0.00,0.00,0.00,0.00,0.00,0.04,1.64,0.00,0.00,0.01,0.00,0.00,0.01,98.07
01158600,0.14,0.00,0.00,0.00,0.00,0.00,0.00,0.00,0.00,0.00,0.00,0.00,0.00,0.00,2.14,0.00,0.00,0.00,0.00,0.00,0.02,97.69
01160000,0.39,0.00,0.00,0.00,0.01,0.00,0.00,0.00,0.00,0.00,0.00,0.00,0.00,0.01,1.87,0.00,0.01,0.08,0.01,0.00,0.02,97.61
01160350,0.40,0.00,0.00,0.00,0.00,0.00,0.00,0.00,0.00,0.00,0.00,0.00,0.00,0.02,2.70,0.00,0.00,0.04,0.01,0.00,0.04,96.78
01161000,0.63,0.00,0.00,0.00,0.00,0.00,0.00,0.00,0.00,0.00,0.00,0.00,0.00,0.02,2.49,0.00,0.00,0.07,0.01,0.00,0.05,96.73
01161500,0.73,0.00,0.00,0.00,0.00,0.00,0.00,0.00,0.00,0.00,0.00,0.00,0.00,0.01,1.48,0.00,0.00,0.06,0.01,0.00,0.06,97.65
01162000,0.47,0.00,0.00,0.00,0.00,0.00,0.00,0.00,0.00,0.00,0.00,0.00,0.00,0.01,2.26,0.00,0.01,0.05,0.01,0.00,0.06,97.14
01162500,0.30,0.00,0.00,0.00,0.01,0.00,0.00,0.00,0.00,0.00,0.00,0.00,0.00,0.01,1.58,0.00,0.01,0.01,0.01,0.00,0.04,98.02
01163200,1.25,0.00,0.00,0.00,0.00,0.00,0.00,0.00,0.00,0.00,0.00,0.00,0.02,0.04,2.89,0.00,0.01,0.14,0.02,0.00,0.14,95.48
01164000,0.69,0.00,0.00,0.00,0.00,0.00,0.00,0.00,0.00,0.00,0.00,0.00,0.00,0.02,2.55,0.00,0.01,0.07,0.01,0.00,0.09,96.56
01165000,0.13,0.00,0.00,0.00,0.00,0.00,0.00,0.00,0.00,0.00,0.00,0.00,0.00,0.01,1.30,0.00,0.00,0.01,0.00,0.00,0.02,98.52
01165500,0.08,0.00,0.00,0.00,0.00,0.00,0.00,0.00,0.00,0.00,0.00,0.00,0.00,0.01,1.18,0.00,0.00,0.05,0.04,0.00,0.02,98.63
01166500,0.59,0.00,0.00,0.00,0.00,0.00,0.00,0.00,0.00,0.00,0.00,0.00,0.00,0.02,2.24,0.00,0.01,0.07,0.01,0.00,0.08,96.97
01168151,0.55,0.00,0.00,0.01,0.01,0.00,0.00,0.00,0.00,0.00,0.00,0.00,0.00,0.01,1.81,0.00,0.00,0.13,0.02,0.00,0.04,97.40
01168500,0.51,0.00,0.00,0.01,0.01,0.00,0.00,0.00,0.00,0.00,0.00,0.00,0.00,0.01,2.29,0.00,0.00,0.11,0.03,0.00,0.04,96.99
01169000,0.59,0.00,0.00,0.00,0.00,0.00,0.00,0.00,0.00,0.00,0.00,0.00,0.00,0.01,7.13,0.00,0.00,0.15,0.07,0.00,0.06,91.98
01169900,1.09,0.00,0.00,0.00,0.00,0.00,0.00,0.00,0.00,0.00,0.00,0.00,0.00,0.00,9.32,0.00,0.01,0.04,0.10,0.00,0.03,89.40
01170000,0.61,0.00,0.00,0.01,0.01,0.00,0.00,0.00,0.00,0.00,0.00,0.00,0.00,0.01,4.49,0.00,0.01,0.12,0.05,0.00,0.06,94.66
01170100,0.23,0.00,0.00,0.00,0.00,0.00,0.00,0.00,0.00,0.00,0.00,0.00,0.00,0.00,3.36,0.00,0.00,0.09,0.15,0.00,0.03,96.14
01170500,0.92,0.00,0.00,0.00,0.00,0.00,0.00,0.00,0.00,0.00,0.00,0.00,0.00,0.02,5.57,0.00,0.02,0.07,0.05,0.00,0.03,91.84
01170930,2.15,0.00,0.00,0.00,0.00,0.00,0.00,0.00,0.00,0.00,0.00,0.00,0.00,0.11,11.78,0.00,1.83,0.22,0.45,0.00,0.35,83.11
01171300,1.00,0.00,0.00,0.00,0.01,0.02,0.00,0.00,0.00,0.00,0.00,0.00,0.00,0.01,5.86,0.00,0.06,0.18,0.01,0.00,0.14,92.72
01171500,0.59,0.00,0.00,0.00,0.00,0.00,0.00,0.00,0.00,0.00,0.00,0.00,0.00,0.01,4.64,0.00,0.33,0.06,0.05,0.00,0.03,94.27
01172500,0.89,0.00,0.00,0.00,0.00,0.00,0.00,0.00,0.00,0.00,0.00,0.00,0.00,0.01,4.28,0.00,0.00,0.03,0.02,0.00,0.01,94.75
01173000,0.91,0.00,0.00,0.00,0.00,0.00,0.00,0.00,0.00,0.00,0.00,0.00,0.00,0.01,4.02,0.00,0.00,0.03,0.02,0.00,0.02,94.98
01173500,1.30,0.00,0.00,0.00,0.00,0.00,0.00,0.00,0.00,0.00,0.00,0.00,0.00,0.02,7.32,0.00,0.00,0.09,0.06,0.00,0.06,91.15
01174000,0.10,0.00,0.00,0.00,0.00,0.00,0.00,0.00,0.00,0.00,0.00,0.00,0.00,0.10,4.62,0.00,0.00,0.12,0.00,0.00,0.00,95.06
01174500,0.50,0.00,0.00,0.00,0.00,0.00,0.00,0.00,0.00,0.00,0.00,0.00,0.00,0.01,3.48,0.00,0.00,0.04,0.08,0.00,0.01,95.89
01174565,0.10,0.00,0.00,0.00,0.00,0.00,0.00,0.00,0.00,0.00,0.00,0.00,0.00,0.00,0.75,0.00,0.00,0.02,0.00,0.00,0.00,99.12
01174600,0.22,0.00,0.00,0.00,0.00,0.00,0.00,0.00,0.00,0.00,0.00,0.00,0.00,0.00,0.00,0.00,0.00,0.00,0.00,0.00,0.00,99.78
01174900,0.05,0.00,0.00,0.00,0.00,0.00,0.00,0.00,0.00,0.00,0.00,0.00,0.00,0.00,0.16,0.00,0.00,0.00,0.00,0.00,0.00,99.78
01175500,0.25,0.00,0.00,0.00,0.00,0.00,0.00,0.00,0.00,0.00,0.00,0.00,0.00,0.01,1.33,0.00,0.00,0.03,0.02,0.00,0.01,98.35
01175670,1.72,0.00,0.00,0.00,0.00,0.00,0.00,0.00,0.00,0.00,0.00,0.00,0.00,0.00,12.10,0.00,0.00,0.03,0.11,0.00,0.00,86.05
01176000,2.27,0.00,0.00,0.00,0.00,0.00,0.00,0.00,0.00,0.00,0.00,0.00,0.00,0.01,10.87,0.00,0.00,0.07,0.10,0.00,0.04,86.64
01176780,0.55,0.00,0.00,0.00,0.00,0.00,0.00,0.00,0.00,0.00,0.00,0.00,0.00,0.03,2.18,0.00,0.00,0.04,0.02,0.00,0.26,96.93
01177000,1.25,0.00,0.00,0.00,0.00,0.00,0.00,0.00,0.00,0.00,0.00,0.00,0.00,0.02,6.00,0.00,0.02,0.12,0.05,0.00,0.09,92.44
01179500,1.08,0.00,0.00,0.01,0.03,0.00,0.00,0.00,0.00,0.00,0.00,0.00,0.00,0.01,5.73,0.00,0.00,0.18,0.03,0.00,0.08,92.85
01180000,0.00,0.00,0.00,0.00,0.00,0.00,0.00,0.00,0.00,0.00,0.00,0.00,0.00,0.00,3.29,0.00,0.00,0.00,0.00,0.00,0.00,96.71
01180500,0.16,0.00,0.00,0.01,0.00,0.00,0.00,0.00,0.00,0.00,0.00,0.00,0.00,0.00,3.24,0.00,0.00,0.04,0.01,0.00,0.07,96.47
01181000,0.19,0.00,0.00,0.00,0.00,0.00,0.00,0.00,0.00,0.00,0.00,0.00,0.00,0.00,1.67,0.00,0.00,0.02,0.01,0.00,0.03,98.08
01183500,1.00,0.00,0.00,0.00,0.01,0.00,0.00,0.00,0.00,0.00,0.00,0.00,0.00,0.03,4.48,0.00,0.13,0.30,0.02,0.00,0.23,93.80
01184000,1.05,0.00,0.00,0.00,0.00,0.00,0.00,0.00,0.00,0.00,0.00,0.00,0.00,0.03,5.59,0.00,0.13,0.12,0.05,0.00,0.08,91.75
01184100,4.12,0.00,0.00,0.00,0.01,0.00,0.00,0.00,0.00,0.00,0.00,0.00,0.00,0.24,14.51,0.01,1.17,0.50,0.01,0.00,1.87,77.56
01184490,14.87,0.00,0.00,0.00,0.00,0.00,0.00,0.00,0.00,0.00,0.00,0.00,0.00,0.06,15.97,0.00,0.32,1.01,0.04,0.00,3.31,64.41
01184500,7.15,0.00,0.00,0.00,0.01,0.00,0.00,0.00,0.00,0.00,0.00,0.00,0.00,0.06,9.06,0.00,0.45,0.69,0.02,0.00,2.03,80.53
01185500,0.24,0.00,0.00,0.01,0.00,0.00,0.00,0.00,0.00,0.00,0.00,0.00,0.00,0.00,1.43,0.00,0.01,0.02,0.01,0.00,0.05,98.23
01186000,0.21,0.00,0.00,0.01,0.00,0.00,0.00,0.00,0.00,0.00,0.00,0.00,0.00,0.00,1.36,0.00,0.00,0.01,0.00,0.00,0.04,98.36
01186500,0.45,0.00,0.00,0.00,0.00,0.00,0.00,0.00,0.00,0.00,0.00,0.00,0.00,0.02,3.36,0.00,0.04,0.08,0.01,0.00,0.10,95.94
01187300,0.03,0.00,0.00,0.00,0.00,0.00,0.00,0.00,0.00,0.00,0.00,0.00,0.00,0.00,0.73,0.00,0.00,0.00,0.00,0.00,0.01,99.23
